 128380741  368790  8 21   0  45 233.0312500  -74.34087  38.210406 -1.0 nan
 128380741  368790  8 21   2  39 233.1104167  -74.34649   38.20207 -1.0 nan
 128380741  368790  8 21   4  39 233.1937500  -74.35536  38.190955 -1.0 nan
 128380741  368790  8 21   6  39 233.2770833  -74.36516  38.180516 -1.0 nan
 128380741  368790  8 21   8  39 233.3604167  -74.37827  38.169551 -1.0 nan
 128380741  368790  8 21  10  39 233.4437500  -74.40149  38.167856 -1.0 nan
 128380741  368790  8 21  12  39 233.5270833  -74.42078    38.1791 -1.0 nan
 128380741  368790  8 21  14  39 233.6104167  -74.42791  38.194141 -1.0 nan
 128380741  368790  8 21  16  39 233.6937500  -74.42143  38.206522 -1.0 nan
 128380741  368790  8 21  18  39 233.7770833  -74.40364  38.206083 -1.0 nan
 128380741  368790  8 21  20  39 233.8604167  -74.38593  38.183295 -1.0 nan
 128380741  368790  8 21  22  39 233.9437500  -74.39823  38.159273 -1.0 nan
 128380741  368790  8 22   0  39 234.0270833  -74.43085  38.150851 -1.0 nan
 128380741  368790  8 22   2  39 234.1104167  -74.46569  38.159605 -1.0 nan
 128380741  368790  8 22   4  39 234.1937500  -74.48357  38.172748 -1.0 nan
 128380741  368790  8 22   6  38 234.2763889  -74.48515   38.18249 -1.0 nan
 128380741  368790  8 22   8  39 234.3604167  -74.48061  38.185601 -1.0 nan
 128380741  368790  8 22  10  39 234.4437500  -74.48339  38.187554 -1.0 nan
 128380741  368790  8 22  14  39 234.6104167  -74.48689  38.189528 -1.0 nan
 128380741  368790  8 22  16  39 234.6937500  -74.49303  38.185258 -1.0 nan
 128380741  368790  8 22  18  39 234.7770833  -74.51314  38.182737 -1.0 nan
 128380741  368790  8 22  20  39 234.8604167   -74.5323  38.183209 -1.0 nan
 128380741  368790  8 22  22  39 234.9437500   -74.5509  38.187693 -1.0 nan
 128380741  368790  8 23   0  39 235.0270833  -74.56781  38.199066 -1.0 nan
 128380741  368790  8 23   2  39 235.1104167  -74.58105  38.221189 -1.0 nan
 128380741  368790  8 23   4  39 235.1937500  -74.57856  38.244009 -1.0 nan
 128380741  368790  8 23   6  38 235.2763889  -74.56073  38.254824 -1.0 nan
 128380741  368790  8 23   8  39 235.3604167  -74.54245  38.252324 -1.0 nan
 128380741  368790  8 23  10  39 235.4437500  -74.53491  38.241724 -1.0 nan
 128380741  368790  8 23  12  39 235.5270833  -74.54564  38.235008 -1.0 nan
 128380741  368790  8 23  14  39 235.6104167  -74.55938  38.236499 -1.0 nan
 128380741  368790  8 23  16  38 235.6930556  -74.57601  38.241616 -1.0 nan
 128380741  368790  8 23  18  39 235.7770833  -74.58935  38.249438 -1.0 nan
 128380741  368790  8 23  20  39 235.8604167  -74.59944  38.256508 -1.0 nan
 128380741  368790  8 23  22  39 235.9437500  -74.60729  38.265595 -1.0 nan
 128380741  368790  8 24   0  39 236.0270833  -74.61139  38.280112 -1.0 nan
 128380741  368790  8 24   2  39 236.1104167  -74.61115  38.298587 -1.0 nan
 128380741  368790  8 24   4  39 236.1937500  -74.60255  38.312706 -1.0 nan
 128380741  368790  8 24   6  38 236.2763889  -74.58925  38.316429 -1.0 nan
 128380741  368790  8 24   6  38 236.2763889  -74.58925  38.316429 -1.0 nan
 128380741  368790  8 24   8  39 236.3604167  -74.57826  38.306097 -1.0 nan
 128380741  368790  8 24  10  38 236.4430556  -74.57993   38.29054 -1.0 nan
 128380741  368790  8 24  12  39 236.5270833  -74.59942  38.284006 -1.0 nan
 128380741  368790  8 24  14  39 236.6104167  -74.62553  38.293061 -1.0 nan
 128380741  368790  8 24  16  39 236.6937500  -74.64662  38.313392 -1.0 nan
 128380741  368790  8 24  18  45 236.7812500  -74.65336   38.33794 -1.0 nan
 128380741  368790  8 24  20  38 236.8597222  -74.64572  38.354602 -1.0 nan
 128380741  368790  8 24  22  39 236.9437500  -74.62993  38.358958 -1.0 nan
 128380741  368790  8 25   0  39 237.0270833  -74.61839  38.353153 -1.0 nan
 128380741  368790  8 25   2  39 237.1104167  -74.62053  38.349055 -1.0 nan
 128380741  368790  8 25   4  39 237.1937500  -74.63411  38.351222 -1.0 nan
 128380741  368790  8 25   6  38 237.2763889  -74.64877  38.357188 -1.0 nan
 128380741  368790  8 25   8  39 237.3604167  -74.66115  38.365492 -1.0 nan
 128380741  368790  8 25  10  39 237.4437500  -74.66628  38.369569 -1.0 nan
 128380741  368790  8 25  12  39 237.5270833  -74.67025  38.372551 -1.0 nan
 128380741  368790  8 25  14  38 237.6097222  -74.67834  38.378184 -1.0 nan
 128380741  368790  8 25  16  39 237.6937500  -74.69147  38.388956 -1.0 nan
 128380741  368790  8 25  18  39 237.7770833  -74.70325  38.400725 -1.0 nan
 128380741  368790  8 25  20  39 237.8604167  -74.71007  38.407141 -1.0 nan
 128380741  368790  8 25  22  39 237.9437500  -74.71239  38.405381 -1.0 nan
 128380741  368790  8 26   0  38 238.0263889  -74.71222  38.395007 -1.0 nan
 128380741  368790  8 26   2  39 238.1104167  -74.72031  38.384975 -1.0 nan
 128380741  368790  8 26   4  39 238.1937500   -74.7428  38.374697 -1.0 nan
 128380741  368790  8 26   6  39 238.2770833  -74.75232  38.383205 -1.0 nan
 128380741  368790  8 26   8  39 238.3604167  -74.76277  38.385823 -1.0 nan
 128380741  368790  8 26  10  39 238.4437500   -74.7647  38.382669 -1.0 nan
 128380741  368790  8 26  12  39 238.5270833  -74.76273  38.369783 -1.0 nan
 128380741  368790  8 26  14  39 238.6104167  -74.76904  38.354001 -1.0 nan
 128380741  368790  8 26  16  39 238.6937500  -74.78685  38.342704 -1.0 nan
 128380741  368790  8 26  18  38 238.7763889  -74.81236  38.343165 -1.0 nan
 128380741  368790  8 26  20  39 238.8604167  -74.83303  38.348969 -1.0 nan
 128380741  368790  8 26  22  39 238.9437500  -74.84283  38.352381 -1.0 nan
 128380741  368790  8 27   0  39 239.0270833  -74.84421  38.345096 -1.0 nan
 128380741  368790  8 27   2  38 239.1097222  -74.85071  38.334206 -1.0 nan
 128380741  368790  8 27   4  38 239.1930556  -74.86474  38.330934 -1.0 nan
 128380741  368790  8 27   6  39 239.2770833  -74.88053  38.338326 -1.0 nan
 128380741  368790  8 27   8  39 239.3604167  -74.88937   38.35649 -1.0 nan
 128380741  368790  8 27  10  39 239.4437500  -74.88598  38.371156 -1.0 nan
 128380741  368790  8 27  12  38 239.5263889  -74.87573  38.377175 -1.0 nan
 128380741  368790  8 27  14  39 239.6104167  -74.86626  38.378688 -1.0 nan
 128380741  368790  8 27  16  39 239.6937500  -74.86369  38.387078 -1.0 nan
 128380741  368790  8 27  18  39 239.7770833  -74.86077  38.407538 -1.0 nan
 128380741  368790  8 27  20  45 239.8645833  -74.85193  38.433137 -1.0 nan
 128380741  368790  8 27  22  39 239.9437500  -74.83208  38.453457 -1.0 nan
 128380741  368790  8 28   0  45 240.0312500  -74.80902  38.457137 -1.0 nan
 128380741  368790  8 28   2  39 240.1104167  -74.78533  38.449005 -1.0 nan
 128380741  368790  8 28   4  39 240.1937500  -74.76792  38.444477 -1.0 nan
 128380741  368790  8 28   6  39 240.2770833  -74.75486  38.448275 -1.0 nan
 128380741  368790  8 28   8  38 240.3597222  -74.74121  38.458221 -1.0 nan
 128380741  368790  8 28  10  39 240.4437500  -74.72091  38.468939 -1.0 nan
 128380741  368790  8 28  12  39 240.5270833  -74.68829  38.472533 -1.0 nan
 128380741  368790  8 28  14  39 240.6104167  -74.64948  38.465506 -1.0 nan
 128380741  368790  8 28  16  39 240.6937500  -74.62553  38.456193 -1.0 nan
 128380741  368790  8 28  18  38 240.7763889  -74.61624  38.454831 -1.0 nan
 128380741  368790  8 28  20  39 240.8604167  -74.61587  38.462437 -1.0 nan
 128380741  368790  8 28  22  39 240.9437500  -74.61699  38.471557 -1.0 nan
 128380741  368790  8 29   0  39 241.0270833  -74.60652  38.473746 -1.0 nan
 128380741  368790  8 29   2  39 241.1104167  -74.59817  38.471965 -1.0 nan
 128380741  368790  8 29   4  39 241.1937500  -74.58631  38.465495 -1.0 nan
 128380741  368790  8 29   6  39 241.2770833  -74.57667  38.463339 -1.0 nan
 128380741  368790  8 29   8  39 241.3604167  -74.58015  38.467716 -1.0 nan
 128380741  368790  8 29  10  39 241.4437500  -74.58787  38.472887 -1.0 nan
 128380741  368790  8 29  12  39 241.5270833  -74.59474  38.473735 -1.0 nan
 128380741  368790  8 29  14  39 241.6104167  -74.59519  38.469454 -1.0 nan
 128380741  368790  8 29  16  39 241.6937500   -74.5974  38.461751 -1.0 nan
 128380741  368790  8 29  18  39 241.7770833  -74.60645  38.457116 -1.0 nan
 128380741  368790  8 29  20  39 241.8604167  -74.61987  38.459122 -1.0 nan
 128380741  368790  8 29  22  39 241.9437500  -74.62959  38.467029 -1.0 nan
 128380741  368790  8 30   0  39 242.0270833  -74.62686  38.471257 -1.0 nan
 128380741  368790  8 30   2  39 242.1104167  -74.61482  38.461686 -1.0 nan
 128380741  368790  8 30   4  39 242.1937500  -74.60903  38.447653 -1.0 nan
 128380741  368790  8 30   6  39 242.2770833  -74.61304  38.439338 -1.0 nan
 128380741  368790  8 30   8  39 242.3604167  -74.62246  38.444746 -1.0 nan
 128380741  368790  8 30  10  39 242.4437500  -74.62969  38.459991 -1.0 nan
 128380741  368790  8 30  12  39 242.5270833  -74.62828  38.472308 -1.0 nan
 128380741  368790  8 30  14  39 242.6104167  -74.61665  38.474486 -1.0 nan
 128380741  368790  8 30  16  38 242.6930556  -74.60392  38.464776 -1.0 nan
 128380741  368790  8 30  18  39 242.7770833  -74.60648  38.454047 -1.0 nan
 128380741  368790  8 30  20  39 242.8604167  -74.61815  38.458017 -1.0 nan
 128380741  368790  8 30  22  39 242.9437500  -74.62856  38.475956 -1.0 nan
 128380741  368790  8 31   0  39 243.0270833   -74.6272  38.490343 -1.0 nan
 128380741  368790  8 31   2  45 243.1145833   -74.6165  38.491073 -1.0 nan
 128380741  368790  8 31   4  39 243.1937500  -74.60712  38.482275 -1.0 nan
 128380741  368790  8 31   6  39 243.2770833  -74.61034  38.476202 -1.0 nan
 128380741  368790  8 31   8  39 243.3604167  -74.61555  38.480419 -1.0 nan
 128380741  368790  8 31  10  39 243.4437500  -74.62379  38.495439 -1.0 nan
 128380741  368790  8 31  12  39 243.5270833  -74.62774   38.51252 -1.0 nan
 128380741  368790  8 31  14  39 243.6104167   -74.6204  38.521006 -1.0 nan
 128380741  368790  8 31  16  39 243.6937500  -74.60733  38.522519 -1.0 nan
 128380741  368790  8 31  18  39 243.7770833  -74.59637  38.523892 -1.0 nan
 128380741  368790  8 31  20  39 243.8604167  -74.59912  38.532175 -1.0 nan
 128380741  368790  8 31  22  38 243.9430556  -74.60804  38.550307 -1.0 nan
 128380741  368790  9  1   0  39 244.0270833  -74.61171  38.565885 -1.0 nan
 128380741  368790  9  1   2  39 244.1104167  -74.60324  38.572816 -1.0 nan
 128380741  368790  9  1   4  39 244.1937500  -74.58895  38.568867 -1.0 nan
 128380741  368790  9  1   6  38 244.2763889  -74.58167  38.566078 -1.0 nan
 128380741  368790  9  1   8  39 244.3604167  -74.58118  38.571292 -1.0 nan
 128380741  368790  9  1  10  39 244.4437500  -74.59068  38.579232 -1.0 nan
 128380741  368790  9  1  12  38 244.5263889  -74.59798  38.599176 -1.0 nan
 128380741  368790  9  1  14  39 244.6104167  -74.59485  38.612051 -1.0 nan
 128380741  368790  9  1  16  38 244.6930556  -74.58186  38.613532 -1.0 nan
 128380741  368790  9  1  18  39 244.7770833  -74.57023  38.610356 -1.0 nan
 128380741  368790  9  1  20  39 244.8604167  -74.56832   38.60792 -1.0 nan
 128380741  368790  9  1  22  39 244.9437500  -74.57536  38.610806 -1.0 nan
 128380741  368790  9  2   0  39 245.0270833  -74.59407   38.61587 -1.0 nan
 128380741  368790  9  2   2  38 245.1097222  -74.60997  38.624228 -1.0 nan
 128380741  368790  9  2   4  39 245.1937500  -74.61083  38.625451 -1.0 nan
 128380741  368790  9  2   6  39 245.2770833  -74.60476    38.6194 -1.0 nan
 128380741  368790  9  2   8  39 245.3604167  -74.60549  38.616418 -1.0 nan
 128380741  368790  9  2  10  39 245.4437500  -74.61583  38.619261 -1.0 nan
 128380741  368790  9  2  12  39 245.5270833  -74.63169  38.626857 -1.0 nan
 128380741  368790  9  2  14  39 245.6104167  -74.63984  38.630483 -1.0 nan
 128380741  368790  9  2  16  39 245.6937500  -74.64257  38.632157 -1.0 nan
 128380741  368790  9  2  18  39 245.7770833  -74.63557  38.631127 -1.0 nan
 128380741  368790  9  2  20  38 245.8597222  -74.63364  38.631427 -1.0 nan
 128380741  368790  9  2  22  39 245.9437500  -74.64231  38.636116 -1.0 nan
 128380741  368790  9  3   0  39 246.0270833  -74.65555  38.644538 -1.0 nan
 128380741  368790  9  3   2  39 246.1104167  -74.66351  38.651544 -1.0 nan
 128380741  368790  9  3   4  39 246.1937500  -74.65819  38.648239 -1.0 nan
 128380741  368790  9  3   6  38 246.2763889  -74.64986  38.637596 -1.0 nan
 128380741  368790  9  3   8  39 246.3604167  -74.65152  38.630515 -1.0 nan
 128380741  368790  9  3  10  39 246.4437500  -74.66538  38.632307 -1.0 nan
 128380741  368790  9  3  12  39 246.5270833   -74.6878  38.644109 -1.0 nan
 128380741  368790  9  3  14  39 246.6104167  -74.70776  38.661972 -1.0 nan
 128380741  368790  9  3  16  39 246.6937500  -74.70975  38.674976 -1.0 nan
 128380741  368790  9  3  18  39 246.7770833  -74.69342  38.678452 -1.0 nan
 128380741  368790  9  3  20  39 246.8604167   -74.6766  38.677465 -1.0 nan
 128380741  368790  9  3  22  39 246.9437500  -74.67312  38.677486 -1.0 nan
 128380741  368790  9  4   0  38 247.0263889  -74.68711  38.681874 -1.0 nan
 128380741  368790  9  4   2  39 247.1104167   -74.7061  38.688816 -1.0 nan
 128380741  368790  9  4   4  39 247.1937500  -74.71597  38.693612 -1.0 nan
 128380741  368790  9  4   6  39 247.2770833  -74.71018  38.693719 -1.0 nan
 128380741  368790  9  4   8  39 247.3604167  -74.69716  38.691294 -1.0 nan
 128380741  368790  9  4  10  38 247.4430556  -74.69593  38.694266 -1.0 nan
 128380741  368790  9  4  12  39 247.5270833  -74.70746  38.704855 -1.0 nan
 128380741  368790  9  4  14  39 247.6104167  -74.72235  38.722386 -1.0 nan
 128380741  368790  9  4  16  39 247.6937500  -74.72293  38.738898 -1.0 nan
 128380741  368790  9  4  18  38 247.7763889  -74.70025  38.747857 -1.0 nan
 128380741  368790  9  4  20  39 247.8604167  -74.67237  38.751129 -1.0 nan
 128380741  368790  9  4  22  39 247.9437500  -74.65364  38.753425 -1.0 nan
 128380741  368790  9  5   0  39 248.0270833  -74.65259  38.763489 -1.0 nan
 128380741  368790  9  5   2  39 248.1104167  -74.65879  38.782049 -1.0 nan
 128380741  368790  9  5   4  38 248.1930556  -74.65087  38.797971 -1.0 nan
 128380741  368790  9  5   6  39 248.2770833  -74.62182  38.812455 -1.0 nan
 128380741  368790  9  5   8  39 248.3604167  -74.57991  38.827014 -1.0 nan
 128380741  368790  9  5  10  39 248.4437500  -74.54481  38.841691 -1.0 nan
 128380741  368790  9  5  12  39 248.5270833  -74.52346   38.86066 -1.0 nan
 128380741  368790  9  5  14  38 248.6097222  -74.50814   38.88171 -1.0 nan
 128380741  368790  9  5  16  39 248.6937500  -74.48121  38.901762 -1.0 nan
 128380741  368790  9  5  18  39 248.7770833  -74.44338  38.914958 -1.0 nan
 128380741  368790  9  5  20  39 248.8604167  -74.40812  38.925526 -1.0 nan
 128380741  368790  9  5  22  39 248.9437500  -74.38705  38.934034 -1.0 nan
 128380741  368790  9  6   0  38 249.0263889  -74.37433  38.948722 -1.0 nan
 128380741  368790  9  6   2  39 249.1104167  -74.36336  38.958496 -1.0 nan
 128380741  368790  9  6   4  38 249.1930556  -74.35132  38.971703 -1.0 nan
 128380741  368790  9  6   6  39 249.2770833  -74.33486  38.979299 -1.0 nan
 128380741  368790  9  6   8  39 249.3604167  -74.31673  38.981713 -1.0 nan
 128380741  368790  9  6  10  39 249.4437500  -74.30665  38.983601 -1.0 nan
 128380741  368790  9  6  12  39 249.5270833  -74.30564  38.989416 -1.0 nan
 128380741  368790  9  6  14  39 249.6104167  -74.30682  38.992807 -1.0 nan
 128380741  368790  9  6  16  39 249.6937500  -74.30809  38.993236 -1.0 nan
 128380741  368790  9  6  18  39 249.7770833  -74.30309  38.993075 -1.0 nan
 128380741  368790  9  6  20  39 249.8604167  -74.28877  38.994244 -1.0 nan
 128380741  368790  9  6  22  39 249.9437500  -74.27377  38.992206 -1.0 nan
 128380741  368790  9  7   0  39 250.0270833   -74.2662  38.990586 -1.0 nan
 128380741  368790  9  7   2  39 250.1104167  -74.26622  38.992034 -1.0 nan
 128380741  368790  9  7   4  39 250.1937500  -74.26691  38.995693 -1.0 nan
 128380741  368790  9  7   6  39 250.2770833  -74.26167  38.998472 -1.0 nan
 128380741  368790  9  7   8  39 250.3604167  -74.25521  39.001164 -1.0 nan
 128380741  368790  9  7  10  45 250.4479167  -74.25348  39.004093 -1.0 nan
 128380741  368790  9  7  12  38 250.5263889  -74.25646   39.01243 -1.0 nan
 128380741  368790  9  7  14  39 250.6104167  -74.26285  39.024017 -1.0 nan
 128380741  368790  9  7  16  39 250.6937500  -74.26369  39.039638 -1.0 nan
 128380741  368790  9  7  18  39 250.7770833  -74.25706  39.054304 -1.0 nan
 128380741  368790  9  7  20  39 250.8604167  -74.24534  39.066406 -1.0 nan
 128380741  368790  9  7  22  38 250.9430556  -74.23391  39.075537 -1.0 nan
 128380741  368790  9  8   0  39 251.0270833  -74.23064  39.083959 -1.0 nan
 128380741  368790  9  8   2  39 251.1104167  -74.23674  39.098679 -1.0 nan
 128380741  368790  9  8   4  39 251.1937500  -74.24433  39.120866 -1.0 nan
 128380741  368790  9  8   6  39 251.2770833  -74.24079  39.144555 -1.0 nan
 128380741  368790  9  8   8  39 251.3604167  -74.22502  39.163148 -1.0 nan
 128380741  368790  9  8  10  39 251.4437500  -74.20912  39.180636 -1.0 nan
 128380741  368790  9  8  12  45 251.5312500   -74.1955   39.19556 -1.0 nan
 128380741  368790  9  8  14  39 251.6104167  -74.18773   39.21204 -1.0 nan
 128380741  368790  9  8  16  38 251.6930556  -74.17543  39.230772 -1.0 nan
 128380741  368790  9  8  18  39 251.7770833  -74.15344  39.250599 -1.0 nan
 128380741  368790  9  8  20  39 251.8604167  -74.12261  39.273516 -1.0 nan
 128380741  368790  9  8  22  39 251.9437500  -74.08759   39.29139 -1.0 nan
 128380741  368790  9  9   0  39 252.0270833  -74.05411  39.303267 -1.0 nan
 128380741  368790  9  9   2  38 252.1097222  -74.03592  39.298868 -1.0 nan
 128380741  368790  9  9   4  39 252.1937500  -74.02714  39.292109 -1.0 nan
 128380741  368790  9  9   6  39 252.2770833  -74.01944  39.285822 -1.0 nan
 128380741  368790  9  9   8  39 252.3604167  -74.01158  39.275393 -1.0 nan
 128380741  368790  9  9  10  39 252.4437500  -74.00605  39.263495 -1.0 nan
 128380741  368790  9  9  12  38 252.5263889   -74.0059  39.253174 -1.0 nan
 128380741  368790  9  9  14  39 252.6104167  -74.00948  39.246758 -1.0 nan
 128380741  368790  9  9  16  39 252.6937500  -74.01542  39.245085 -1.0 nan
 128380741  368790  9  9  18  38 252.7763889  -74.01487  39.247252 -1.0 nan
 128380741  368790  9  9  20  39 252.8604167  -74.00671  39.246629 -1.0 nan
 128380741  368790  9  9  22  39 252.9437500   -73.9989  39.244205 -1.0 nan
 128380741  368790  9 10   0  39 253.0270833  -73.99141  39.242542 -1.0 nan
 128380741  368790  9 10   2  39 253.1104167  -73.98661  39.242563 -1.0 nan
 128380741  368790  9 10   4  39 253.1937500    -73.983   39.24178 -1.0 nan
 128380741  368790  9 10   6  38 253.2763889  -73.97944  39.238486 -1.0 nan
 128380741  368790  9 10   8  39 253.3604167  -73.97465  39.230397 -1.0 nan
 128380741  368790  9 10  10  39 253.4437500  -73.97195  39.215784 -1.0 nan
 128380741  368790  9 10  12  39 253.5270833  -73.97367  39.194466 -1.0 nan
 128380741  368790  9 10  14  39 253.6104167  -73.98744  39.170079 -1.0 nan
 128380741  368790  9 10  16  38 253.6930556  -74.00564  39.146014 -1.0 nan
 128380741  368790  9 10  18  39 253.7770833  -74.02328  39.128526 -1.0 nan
 128380741  368790  9 10  20  39 253.8604167  -74.03017  39.118334 -1.0 nan
 128380741  368790  9 10  22  39 253.9437500  -74.02671  39.110459 -1.0 nan
 128380741  368790  9 11   0  39 254.0270833  -74.01148  39.103464 -1.0 nan
 128380741  368790  9 11   2  38 254.1097222  -74.00615  39.087489 -1.0 nan
 128380741  368790  9 11   4  39 254.1937500  -74.01257  39.074754 -1.0 nan
 128380741  368790  9 11   6  39 254.2770833  -74.02587  39.065677 -1.0 nan
 128380741  368790  9 11   8  39 254.3604167  -74.03862  39.060656 -1.0 nan
 128380741  368790  9 11  10  39 254.4437500   -74.0416  39.049616 -1.0 nan
 128380741  368790  9 11  12  38 254.5263889  -74.04898  39.036387 -1.0 nan
 128380741  368790  9 11  14  39 254.6104167  -74.06027  39.021946 -1.0 nan
 128380741  368790  9 11  16  39 254.6937500  -74.08012  39.013653 -1.0 nan
 128380741  368790  9 11  18  39 254.7770833  -74.09832  39.012387 -1.0 nan
 128380741  368790  9 11  20  39 254.8604167  -74.10568  39.013696 -1.0 nan
 128380741  368790  9 11  22  38 254.9430556  -74.10379  39.015884 -1.0 nan
 128380741  368790  9 12   0  39 255.0270833  -74.09469   39.01287 -1.0 nan
 128380741  368790  9 12   2  39 255.1104167  -74.09201  39.008031 -1.0 nan
 128380741  368790  9 12   4  39 255.1937500  -74.09887  39.007055 -1.0 nan
 128380741  368790  9 12   6  38 255.2763889  -74.10973  39.012011 -1.0 nan
 128380741  368790  9 12   8  39 255.3604167  -74.10849  39.016013 -1.0 nan
 128380741  368790  9 12  10  39 255.4437500  -74.11377  39.021646 -1.0 nan
 128380741  368790  9 12  12  39 255.5270833  -74.11104  39.019028 -1.0 nan
 128380741  368790  9 12  14  39 255.6104167   -74.1108  39.015058 -1.0 nan
 128380741  368790  9 12  16  38 255.6930556  -74.11582   39.01273 -1.0 nan
 128380741  368790  9 12  18  39 255.7770833  -74.12406  39.012773 -1.0 nan
 128380741  368790  9 12  20  39 255.8604167  -74.13291   39.01493 -1.0 nan
 128380741  368790  9 12  22  39 255.9437500  -74.13612  39.018277 -1.0 nan
 128380741  368790  9 13   0  39 256.0270833  -74.13398  39.022053 -1.0 nan
 128380741  368790  9 13   2  38 256.1097222  -74.13224  39.025755 -1.0 nan
 128380741  368790  9 13   4  39 256.1937500  -74.13273   39.03157 -1.0 nan
 128380741  368790  9 13   6  39 256.2770833  -74.13632  39.041955 -1.0 nan
 128380741  368790  9 13   8  39 256.3604167   -74.1378  39.055796 -1.0 nan
 128380741  368790  9 13  10  39 256.4437500  -74.12771  39.066771 -1.0 nan
 128380741  368790  9 13  12  38 256.5263889  -74.11246  39.072071 -1.0 nan
 128380741  368790  9 13  14  39 256.6104167  -74.09628  39.071127 -1.0 nan
 128380741  368790  9 13  16  39 256.6937500   -74.0925  39.066299 -1.0 nan
 128380741  368790  9 13  18  39 256.7770833  -74.09958  39.069046 -1.0 nan
 128380741  368790  9 13  20  39 256.8604167  -74.10763  39.072318 -1.0 nan
 128380741  368790  9 13  22  38 256.9430556  -74.10859  39.077876 -1.0 nan
 128380741  368790  9 14   0  39 257.0270833  -74.10083  39.080193 -1.0 nan
 128380741  368790  9 14   2  38 257.1097222  -74.09179  39.080032 -1.0 nan
 128380741  368790  9 14   4  39 257.1937500  -74.08439  39.080933 -1.0 nan
 128380741  368790  9 14   6  38 257.2763889   -74.0825   39.08854 -1.0 nan
 128380741  368790  9 14   8  45 257.3645833  -74.07918  39.100524 -1.0 nan
 128380741  368790  9 14  10  39 257.4437500  -74.06658  39.108614 -1.0 nan
 128380741  368790  9 14  12  38 257.5263889  -74.04898  39.109676 -1.0 nan
 128380741  368790  9 14  14  39 257.6104167  -74.02899    39.1034 -1.0 nan
 128380741  368790  9 14  16  39 257.6937500  -74.02113  39.090503 -1.0 nan
 128380741  368790  9 14  18  38 257.7763889  -74.02811  39.077511 -1.0 nan
 128380741  368790  9 14  20  39 257.8604167  -74.04422  39.070548 -1.0 nan
 128380741  368790  9 14  22  39 257.9437500  -74.05836  39.068466 -1.0 nan
 128380741  368790  9 15   0  39 258.0270833  -74.06306  39.072114 -1.0 nan
 128380741  368790  9 15   2  39 258.1104167  -74.05881  39.078133 -1.0 nan
 128380741  368790  9 15   4  39 258.1937500  -74.04508  39.078047 -1.0 nan
 128380741  368790  9 15   6  39 258.2770833  -74.03594  39.078949 -1.0 nan
 128380741  368790  9 15   8  39 258.3604167  -74.02832   39.08074 -1.0 nan
 128380741  368790  9 15  10  39 258.4437500  -74.02008  39.081062 -1.0 nan
 128380741  368790  9 15  12  38 258.5263889  -74.01472  39.071524 -1.0 nan
 128380741  368790  9 15  14  39 258.6104167  -74.01021  39.049884 -1.0 nan
 128380741  368790  9 15  16  39 258.6937500  -74.01176  39.021635 -1.0 nan
 128380741  368790  9 15  18  47 258.7826389  -74.02581  38.997259 -1.0 nan
 128380741  368790  9 15  20  39 258.8604167  -74.04225  38.986723 -1.0 nan
 128380741  368790  9 15  22  38 258.9430556  -74.05634  38.984267 -1.0 nan
 128380741  368790  9 16   0  39 259.0270833  -74.05611  38.983848 -1.0 nan
 128380741  368790  9 16   2  39 259.1104167  -74.04416  38.974836 -1.0 nan
 128380741  368790  9 16   4  39 259.1937500  -74.03364  38.959354 -1.0 nan
 128380741  368790  9 16   6  39 259.2770833  -74.03463  38.944098 -1.0 nan
 128380741  368790  9 16   8  38 259.3597222  -74.04564  38.935075 -1.0 nan
 128380741  368790  9 16  10  39 259.4437500  -74.06293  38.931996 -1.0 nan
 128380741  368790  9 16  12  47 259.5326389  -74.07827  38.929174 -1.0 nan
 128380741  368790  9 16  14  39 259.6104167   -74.0839  38.926256 -1.0 nan
 128380741  368790  9 16  16  39 259.6937500  -74.08272  38.921986 -1.0 nan
 128380741  368790  9 16  18  39 259.7770833  -74.07804  38.918005 -1.0 nan
 128380741  368790  9 16  20  39 259.8604167  -74.08117  38.918788 -1.0 nan
 128380741  368790  9 16  22  39 259.9437500  -74.08844  38.924561 -1.0 nan
 128380741  368790  9 17   0  39 260.0270833  -74.08963  38.927886 -1.0 nan
 128380741  368790  9 17   2  38 260.1097222  -74.08111  38.921331 -1.0 nan
 128380741  368790  9 17   4  39 260.1937500  -74.07278  38.905903 -1.0 nan
 128380741  368790  9 17   6  39 260.2770833   -74.0754  38.891301 -1.0 nan
 128380741  368790  9 17   8  39 260.3604167  -74.09207  38.886505 -1.0 nan
 128380741  368790  9 17  10  39 260.4437500  -74.10074  38.900346 -1.0 nan
 128380741  368790  9 17  12  38 260.5263889  -74.13024    38.9063 -1.0 nan
 128380741  368790  9 17  14  39 260.6104167  -74.12951  38.918359 -1.0 nan
 128380741  368790  9 17  16  39 260.6937500  -74.11694  38.919454 -1.0 nan
 128380741  368790  9 17  18  39 260.7770833  -74.10733  38.916739 -1.0 nan
 128380741  368790  9 17  20  39 260.8604167   -74.1054  38.919293 -1.0 nan
 128380741  368790  9 17  22  38 260.9430556  -74.11022  38.926009 -1.0 nan
 128380741  368790  9 18   0  39 261.0270833  -74.11655  38.934356 -1.0 nan
 128380741  368790  9 18   2  39 261.1104167  -74.11567  38.942328 -1.0 nan
 128380741  368790  9 18   4  39 261.1937500  -74.10814  38.945342 -1.0 nan
 128380741  368790  9 18   6  39 261.2770833  -74.09997  38.946244 -1.0 nan
 128380741  368790  9 18   8  39 261.3604167  -74.10151  38.955041 -1.0 nan
 128380741  368790  9 18  10  39 261.4437500  -74.10647  38.976928 -1.0 nan
 128380741  368790  9 18  12  39 261.5270833  -74.10638  39.004855 -1.0 nan
 128380741  368790  9 18  14  39 261.6104167  -74.09381  39.029263 -1.0 nan
 128380741  368790  9 18  16  39 261.6937500  -74.06937    39.0485 -1.0 nan
 128380741  368790  9 18  18  39 261.7770833  -74.03748  39.064883 -1.0 nan
 128380741  368790  9 18  20  39 261.8604167  -74.01161  39.088057 -1.0 nan
 128380741  368790  9 18  22  39 261.9437500  -73.99152    39.1196 -1.0 nan
 128380741  368790  9 19   0  39 262.0270833   -73.9665  39.158385 -1.0 nan
 128380741  368790  9 19   2  39 262.1104167  -73.92541  39.200292 -1.0 nan
 128380741  368790  9 19   4  39 262.1937500  -73.87131  39.222457 -1.0 nan
 128380741  368790  9 19   6  39 262.2770833  -73.82117  39.223659 -1.0 nan
 128380741  368790  9 19   8  39 262.3604167  -73.79104  39.217726 -1.0 nan
 128380741  368790  9 19  10  39 262.4437500  -73.78952  39.205366 -1.0 nan
 128380741  368790  9 19  12  39 262.5270833  -73.80143  39.195946 -1.0 nan
 128380741  368790  9 19  14  39 262.6104167  -73.80681  39.190636 -1.0 nan
 128380741  368790  9 19  16  39 262.6937500  -73.80409  39.177911 -1.0 nan
 128380741  368790  9 19  18  39 262.7770833  -73.80091  39.158471 -1.0 nan
 128380741  368790  9 19  20  39 262.8604167  -73.80411  39.143482 -1.0 nan
 128380741  368790  9 19  22  39 262.9437500  -73.81681  39.141229 -1.0 nan
 128380741  368790  9 20   0  39 263.0270833  -73.82788  39.148836 -1.0 nan
 128380741  368790  9 20   2  39 263.1104167  -73.82855  39.160026 -1.0 nan
 128380741  368790  9 20   4  39 263.1937500  -73.81576  39.163985 -1.0 nan
 128380741  368790  9 20   6  39 263.2770833  -73.79952  39.153332 -1.0 nan
 128380741  368790  9 20   8  39 263.3604167  -73.79623  39.135715 -1.0 nan
 128380741  368790  9 20  10  38 263.4430556  -73.81709  39.121681 -1.0 nan
 128380741  368790  9 20  12  39 263.5270833  -73.84722  39.118398 -1.0 nan
 128380741  368790  9 20  14  39 263.6104167  -73.87054  39.119471 -1.0 nan
 128380741  368790  9 20  16  45 263.6979167    -73.884  39.120201 -1.0 nan
 128380741  368790  9 20  18  39 263.7770833  -73.88485  39.112133 -1.0 nan
 128380741  368790  9 20  20  39 263.8604167  -73.88818  39.100664 -1.0 nan
 128380741  368790  9 20  22  39 263.9437500    -73.902  39.091383 -1.0 nan
 128380741  368790  9 21   0  39 264.0270833   -73.9252  39.090139 -1.0 nan
 128380741  368790  9 21   2  38 264.1097222   -73.9497  39.090911 -1.0 nan
 128380741  368790  9 21   4  39 264.1937500  -73.96959  39.092853 -1.0 nan
 128380741  368790  9 21   6  39 264.2770833  -73.98292   39.09089 -1.0 nan
 128380741  368790  9 21   8  39 264.3604167   -73.9941  39.086169 -1.0 nan
 128380741  368790  9 21  10  39 264.4437500  -74.01105  39.084442 -1.0 nan
 128380741  368790  9 21  12  38 264.5263889  -74.03405  39.089667 -1.0 nan
 128380741  368790  9 21  14  39 264.6104167  -74.05388  39.100213 -1.0 nan
 128380741  368790  9 21  16  39 264.6937500  -74.06259  39.109612 -1.0 nan
 128380741  368790  9 21  18  39 264.7770833  -74.06246   39.11445 -1.0 nan
 128380741  368790  9 21  20  39 264.8604167  -74.05933  39.114311 -1.0 nan
 128380741  368790  9 21  22  38 264.9430556  -74.06167  39.113442 -1.0 nan
 128380741  368790  9 22   0  39 265.0270833  -74.07124  39.117658 -1.0 nan
 128380741  368790  9 22   2  38 265.1097222  -74.08445  39.127454 -1.0 nan
 128380741  368790  9 22   4  39 265.1937500   -74.0902  39.143246 -1.0 nan
 128380741  368790  9 22   6  39 265.2770833  -74.08177  39.158524 -1.0 nan
 128380741  368790  9 22   8  38 265.3597222  -74.06355  39.165423 -1.0 nan
 128380741  368790  9 22  10  39 265.4437500  -74.04652  39.166732 -1.0 nan
 128380741  368790  9 22  12  39 265.5270833  -74.03798  39.170272 -1.0 nan
 128380741  368790  9 22  14  38 265.6097222  -74.03343  39.183984 -1.0 nan
 128380741  368790  9 22  16  39 265.6937500  -74.02268  39.204015 -1.0 nan
 128380741  368790  9 22  18  38 265.7763889  -73.99963  39.226867 -1.0 nan
 128380741  368790  9 22  20  39 265.8604167   -73.9686  39.250846 -1.0 nan
 128380741  368790  9 22  22  45 265.9479167  -73.93374  39.275898 -1.0 nan
 128380741  368790  9 23   0  39 266.0270833  -73.90159  39.303932 -1.0 nan
 128380741  368790  9 23   2  38 266.1097222  -73.87646  39.337235 -1.0 nan
 128380741  368790  9 23   4  39 266.1937500  -73.85312  39.370451 -1.0 nan
 128380741  368790  9 23   6  39 266.2770833  -73.82574  39.391694 -1.0 nan
 128380741  368790  9 23   8  39 266.3604167  -73.79917  39.397541 -1.0 nan
 128380741  368790  9 23  10  39 266.4437500  -73.77785  39.391201 -1.0 nan
 128380741  368790  9 23  12  38 266.5263889  -73.76946  39.381019 -1.0 nan
 128380741  368790  9 23  14  39 266.6104167  -73.78031  39.374131 -1.0 nan
 128380741  368790  9 23  16  39 266.6937500  -73.79634   39.37632 -1.0 nan
 128380741  368790  9 23  18  39 266.7770833  -73.80497  39.384516 -1.0 nan
 128380741  368790  9 23  20  39 266.8604167  -73.80055  39.393432 -1.0 nan
 128380741  368790  9 23  22  38 266.9430556  -73.78576  39.400921 -1.0 nan
 128380741  368790  9 24   0  39 267.0270833  -73.77091  39.406586 -1.0 nan
 128380741  368790  9 24   2  38 267.1097222  -73.76229  39.411757 -1.0 nan
 128380741  368790  9 24   4  38 267.1930556  -73.75806  39.417293 -1.0 nan
 128380741  368790  9 24   6  39 267.2770833   -73.7504  39.420415 -1.0 nan
 128380741  368790  9 24   8  38 267.3597222  -73.73806  39.417497 -1.0 nan
 128380741  368790  9 24  10  39 267.4437500  -73.72712   39.40768 -1.0 nan
 128380741  368790  9 24  12  39 267.5270833  -73.72326   39.39473 -1.0 nan
 128380741  368790  9 24  14  39 267.6104167  -73.72866  39.384323 -1.0 nan
 128380741  368790  9 24  16  39 267.6937500  -73.73774  39.380826 -1.0 nan
 128380741  368790  9 24  18  38 267.7763889    -73.743  39.381856 -1.0 nan
 128380741  368790  9 24  20  39 267.8604167  -73.73916  39.383594 -1.0 nan
 128380741  368790  9 24  22  39 267.9437500  -73.72804  39.382253 -1.0 nan
 128380741  368790  9 25   0  39 268.0270833  -73.71607  39.378208 -1.0 nan
 128380741  368790  9 25   2  39 268.1104167  -73.71336    39.3753 -1.0 nan
 128380741  368790  9 25   4  38 268.1930556   -73.7177  39.380021 -1.0 nan
 128380741  368790  9 25   6  39 268.2770833  -73.71738  39.390739 -1.0 nan
 128380741  368790  9 25   8  39 268.3604167  -73.70886  39.398689 -1.0 nan
 128380741  368790  9 25  10  39 268.4437500  -73.69431  39.403034 -1.0 nan
 128380741  368790  9 25  12  39 268.5270833  -73.67976   39.40253 -1.0 nan
 128380741  368790  9 25  14  38 268.6097222  -73.67096  39.401897 -1.0 nan
 128380741  368790  9 25  16  39 268.6937500  -73.66985  39.406779 -1.0 nan
 128380741  368790  9 25  18  39 268.7770833  -73.66755  39.419128 -1.0 nan
 128380741  368790  9 25  20  39 268.8604167  -73.65676  39.434803 -1.0 nan
 128380741  368790  9 25  22  39 268.9437500  -73.63702  39.448192 -1.0 nan
 128380741  368790  9 26   0  47 269.0326389  -73.61191  39.458835 -1.0 nan
 128380741  368790  9 26   2  39 269.1104167  -73.59513  39.466517 -1.0 nan
 128380741  368790  9 26   4  39 269.1937500  -73.58179   39.47981 -1.0 nan
 128380741  368790  9 26   6  39 269.2770833  -73.56814    39.4985 -1.0 nan
 128380741  368790  9 26   8  39 269.3604167  -73.54979  39.518949 -1.0 nan
 128380741  368790  9 26  10  38 269.4430556  -73.52083  39.535289 -1.0 nan
 128380741  368790  9 26  12  39 269.5270833   -73.4851  39.540685 -1.0 nan
 128380741  368790  9 26  14  39 269.6104167  -73.45484  39.540578 -1.0 nan
 128380741  368790  9 26  16  39 269.6937500  -73.43519   39.54208 -1.0 nan
 128380741  368790  9 26  18  39 269.7770833  -73.42512  39.551446 -1.0 nan
 128380741  368790  9 26  20  38 269.8597222  -73.41146  39.568312 -1.0 nan
 128380741  368790  9 26  22  39 269.9437500  -73.38384  39.583772 -1.0 nan
 128380741  368790  9 27   0  39 270.0270833  -73.34796   39.59021 -1.0 nan
 128380741  368790  9 27   2  39 270.1104167  -73.31421   39.58756 -1.0 nan
 128380741  368790  9 27   4  39 270.1937500  -73.29204   39.58462 -1.0 nan
 128380741  368790  9 27   6  39 270.2770833  -73.28172  39.587753 -1.0 nan
 128380741  368790  9 27   8  39 270.3604167  -73.27387  39.593192 -1.0 nan
 128380741  368790  9 27  10  39 270.4437500  -73.25956  39.595982 -1.0 nan
 128380741  368790  9 27  12  39 270.5270833  -73.23181  39.591701 -1.0 nan
 128380741  368790  9 27  14  39 270.6104167  -73.22447  39.585929 -1.0 nan
 128380741  368790  9 27  16  38 270.6930556  -73.23769  39.581498 -1.0 nan
 128380741  368790  9 27  18  39 270.7770833  -73.25977  39.587173 -1.0 nan
 128380741  368790  9 27  20  39 270.8604167  -73.27357  39.599007 -1.0 nan
 128380741  368790  9 27  22  39 270.9437500  -73.27344  39.608084 -1.0 nan
 128380741  368790  9 28   0  38 271.0263889  -73.26256  39.607537 -1.0 nan
 128380741  368790  9 28   2  39 271.1104167  -73.24954  39.600542 -1.0 nan
 128380741  368790  9 28   4  39 271.1937500   -73.2523  39.592001 -1.0 nan
 128380741  368790  9 28   6  39 271.2770833  -73.27048  39.592892 -1.0 nan
 128380741  368790  9 28   8  39 271.3604167  -73.28936  39.603953 -1.0 nan
 128380741  368790  9 28  10  38 271.4430556  -73.29503  39.616302 -1.0 nan
 128380741  368790  9 28  12  39 271.5270833   -73.2884  39.622557 -1.0 nan
 128380741  368790  9 28  14  39 271.6104167  -73.27505  39.619049 -1.0 nan
 128380741  368790  9 28  16  39 271.6937500  -73.26883  39.614822 -1.0 nan
 128380741  368790  9 28  18  39 271.7770833  -73.26917  39.618405 -1.0 nan
 128380741  368790  9 28  20  38 271.8597222   -73.2705  39.624285 -1.0 nan
 128380741  368790  9 28  22  39 271.9437500  -73.26606  39.629263 -1.0 nan
 128380741  368790  9 29   0  39 272.0270833  -73.25479  39.626699 -1.0 nan
 128380741  368790  9 29   2  39 272.1104167  -73.23778    39.6254 -1.0 nan
 128380741  368790  9 29   4  39 272.1937500  -73.22984   39.62643 -1.0 nan
 128380741  368790  9 29   6  38 272.2763889  -73.22924  39.624692 -1.0 nan
 128380741  368790  9 29   8  39 272.3604167  -73.24237  39.626538 -1.0 nan
 128380741  368790  9 29  10  39 272.4437500  -73.25187  39.631226 -1.0 nan
 128380741  368790  9 29  12  39 272.5270833  -73.23763   39.64498 -1.0 nan
 128380741  368790  9 29  14  39 272.6104167  -73.21816  39.641161 -1.0 nan
 128380741  368790  9 29  16  38 272.6930556  -73.19978  39.627364 -1.0 nan
 128380741  368790  9 29  18  39 272.7770833  -73.19287  39.612193 -1.0 nan
 128380741  368790  9 29  20  39 272.8604167  -73.20239  39.604265 -1.0 nan
 128380741  368790  9 29  22  39 272.9437500  -73.21744  39.608696 -1.0 nan
 128380741  368790  9 30   0  39 273.0270833  -73.22168  39.614661 -1.0 nan
 128380741  368790  9 30   2  38 273.1097222  -73.21486  39.618115 -1.0 nan
 128380741  368790  9 30   4  39 273.1937500  -73.20254  39.615884 -1.0 nan
 128380741  368790  9 30   6  39 273.2770833  -73.19802   39.61274 -1.0 nan
 128380741  368790  9 30   8  39 273.3604167  -73.20353  39.612687 -1.0 nan
 128380741  368790  9 30  10  39 273.4437500  -73.20947   39.61392 -1.0 nan
 128380741  368790  9 30  12  38 273.5263889  -73.20896  39.610047 -1.0 nan
 128380741  368790  9 30  14  39 273.6104167  -73.19115  39.591841 -1.0 nan
 128380741  368790  9 30  16  39 273.6937500  -73.18244  39.562776 -1.0 nan
 128380741  368790  9 30  18  39 273.7770833  -73.19115    39.5406 -1.0 nan
 128380741  368790  9 30  20  39 273.8604167  -73.21415   39.53486 -1.0 nan
 128380741  368790  9 30  22  38 273.9430556   -73.2319  39.547327 -1.0 nan
 128380741  368790 10  1   0  39 274.0270833  -73.22407  39.564428 -1.0 nan
 128380741  368790 10  1   2  39 274.1104167  -73.18654  39.563259 -1.0 nan
 120360331  319760 10 24  12  43 297.5298611  -44.94976  23.366954 -1.0 nan
 120360331  319760 10 25   0  43 298.0298611  -44.91552  23.394173 -1.0 nan
 120360331  319760 10 26   0  43 299.0298611  -44.90174  23.404033 -1.0 nan
 120360331  319760 10 27  12  43 300.5298611  -44.81128  23.442067 -1.0 nan
 120360331  319760 10 28   0  49 301.0340278  -44.77136  23.407187 -1.0 nan
 120360331  319760 10 28  12  43 301.5298611  -44.75012  23.440082 -1.0 nan
 120360331  319760 10 29   0  43 302.0298611  -44.62425  23.433999 -1.0 nan
 120360331  319760 10 30   0  49 303.0340278  -44.41023  23.361461 -1.0 nan
 120360331  319760 10 30  12  43 303.5298611  -44.30397     23.327 -1.0 nan
 120360331  319760 10 31   0  43 304.0298611  -44.21557  23.346301 -1.0 nan
 120360331  319760 11  1   0  57 305.0395833  -44.07882  23.236481 -1.0 nan
 120360331  319760 11  1  12  43 305.5298611  -44.05479  23.213264 -1.0 nan
 120360331  319760 11  2   0  43 306.0298611  -43.99198  23.127379 -1.0 nan
 120360331  319760 11  2  12  43 306.5298611  -43.99393  23.077984 -1.0 nan
 120360331  319760 11  3   0  43 307.0298611  -43.93833  23.027279 -1.0 nan
 120360331  319760 11  3  12  43 307.5298611  -43.95316  22.944421 -1.0 nan
 120360331  319760 11  4   0  43 308.0298611  -43.96432  22.898866 -1.0 nan
 120360331  319760 11  4  12  57 308.5395833  -43.99518  22.817488 -1.0 nan
 120360331  319760 11  5   0  49 309.0340278  -44.07328  22.719147 -1.0 nan
 120360331  319760 11  6   0  49 310.0340278  -44.22007  22.542647 -1.0 nan
 120360331  319760 11  6  12  49 310.5340278  -44.36049  22.507682 -1.0 nan
 120360331  319760 11  7  12  43 311.5298611  -44.58457  22.467288 -1.0 nan
 120360331  319760 11  8   0  49 312.0340278  -44.70847  22.482373 -1.0 nan
 120360331  319760 11  8  13  14 312.5513889  -44.78874  22.497168 -1.0 nan
 120360331  319760 11  9   0  57 313.0395833  -44.89951  22.517864 -1.0 nan
 120360331  319760 11 10   0  49 314.0340278  -45.08291  22.595036 -1.0 nan
 120360331  319760 11 10  12  49 314.5340278  -45.19069  22.647564 -1.0 nan
 120360331  319760 11 11  12  43 315.5298611  -45.36591  22.789614 -1.0 nan
 120360331  319760 11 12   0  49 316.0340278  -45.44307  22.841756 -1.0 nan
 120360331  319760 11 12  12  43 316.5298611  -45.47861  22.890626 -1.0 nan
 120360331  319760 11 13   0  43 317.0298611   -45.5377   22.91364 -1.0 nan
 120360331  319760 11 13  12  57 317.5395833  -45.58867  22.985394 -1.0 nan
 120360331  319760 11 14   0  49 318.0340278  -45.65003  23.047675 -1.0 nan
 120360331  319760 11 14  12  57 318.5395833  -45.74464  23.148816 -1.0 nan
 120360331  319760 11 15   0  43 319.0298611  -45.79708  23.206333 -1.0 nan
 120360331  319760 11 16   0  49 320.0340278  -45.93604  23.327247 -1.0 nan
 120360331  319760 11 16  12  43 320.5298611  -45.97196  23.405911 -1.0 nan
 120360331  319760 11 17  12  43 321.5298611  -46.11938  23.478223 -1.0 nan
 120360331  319760 11 18   0  49 322.0340278  -46.17759  23.469608 -1.0 nan
 120360331  319760 11 18  12  49 322.5340278  -46.25812   23.48274 -1.0 nan
 120360331  319760 11 19   0  43 323.0298611  -46.30424  23.512094 -1.0 nan
 120360331  319760 11 19  12  43 323.5298611  -46.36923  23.485948 -1.0 nan
 120360331  319760 11 20   0  43 324.0298611  -46.44813  23.518349 -1.0 nan
 120360331  319760 11 20  12  49 324.5340278  -46.51122  23.506665 -1.0 nan
 120360331  319760 11 21  12  43 325.5298611  -46.52757  23.611304 -1.0 nan
 120360331  319760 11 22   0  57 326.0395833  -46.52358  23.633426 -1.0 nan
 120360331  319760 11 22  12  57 326.5395833  -46.53087  23.689227 -1.0 nan
 120360331  319760 11 23   0  49 327.0340278  -46.50287  23.727733 -1.0 nan
 120360331  319760 11 24   0  43 328.0298611  -46.48427   23.76199 -1.0 nan
 120360331  319760 11 24  12  49 328.5340278  -46.49723  23.751894 -1.0 nan
 120360331  319760 11 25  12  43 329.5298611  -46.48304  23.804659 -1.0 nan
 120360331  319760 11 26   0  43 330.0298611  -46.44916  23.872594 -1.0 nan
 120360331  319760 11 26  12  49 330.5340278  -46.42742  23.889148 -1.0 nan
 120360331  319760 11 27   0  43 331.0298611  -46.42998  23.980118 -1.0 nan
 120360331  319760 11 27  12  49 331.5340278  -46.41635  24.066614 -1.0 nan
 120360331  319760 11 28   0  49 332.0340278   -46.4586   24.10498 -1.0 nan
 120360331  319760 11 28  12  43 332.5298611  -46.43588  24.171896 -1.0 nan
 120360331  319760 11 29   0  49 333.0340278  -46.46221  24.202216 -1.0 nan
 120360331  319760 11 30   0  43 334.0298611  -46.52815  24.305234 -1.0 nan
 120360331  319760 11 30  12  43 334.5298611  -46.56675  24.323226 -1.0 nan
 120360331  319760 12  1   0  43 335.0298611  -46.55821  24.362987 -1.0 nan
 120360331  319760 12  1  12  43 335.5298611  -46.56372   24.37966 -1.0 nan
 120360331  319760 12  2  12  57 336.5395833  -46.57158  24.456757 -1.0 nan
 120360331  319760 12  3   0  43 337.0298611  -46.61303  24.505177 -1.0 nan
 120360331  319760 12  3  12  43 337.5298611  -46.63726  24.527396 -1.0 nan
 120360331  319760 12  4   0  43 338.0298611  -46.69713  24.562426 -1.0 nan
 120360331  319760 12  5   0  43 339.0298611  -46.77821  24.587252 -1.0 nan
 120360331  319760 12  5  12  57 339.5395833  -46.70004  24.631058 -1.0 nan
 120360331  319760 12  6   0  49 340.0340278  -46.67657  24.627002 -1.0 nan
 120360331  319760 12  6  12  43 340.5298611  -46.70715  24.661152 -1.0 nan
 120360331  319760 12  7   0  49 341.0340278  -46.72086  24.755974 -1.0 nan
 120360331  319760 12  7  12  49 341.5340278  -46.71837  24.815873 -1.0 nan
 120360331  319760 12  7  12  49 341.5340278  -46.71837  24.815873 -1.0 nan
 120360331  319760 12  7  12  49 341.5340278  -46.71837  24.815873 -1.0 nan
 120360331  319760 12  7  12  49 341.5340278  -46.71837  24.815873 -1.0 nan
 120360331  319760 12  7  12  49 341.5340278  -46.71837  24.815873 -1.0 nan
 120360331  319760 12  7  12  49 341.5340278  -46.71837  24.815873 -1.0 nan
 120360331  319760 12  8   0  49 342.0340278  -46.74041  24.864475 -1.0 nan
 120360331  319760 12  8  12  43 342.5298611  -46.73397  24.944083 -1.0 nan
 120360331  319760 12  9  12  49 343.5340278  -46.73006  25.012254 -1.0 nan
 120360331  319760 12 10   0  49 344.0340278  -46.72315   25.04326 -1.0 nan
 120360331  319760 12 10  12  43 344.5298611  -46.72066  25.059214 -1.0 nan
 120360331  319760 12 11   0  43 345.0298611   -46.6809  25.069009 -1.0 nan
 120360331  319760 12 11  12  57 345.5395833  -46.67981  25.080457 -1.0 nan
 120360331  319760 12 12   0  43 346.0298611  -46.66039  25.106968 -1.0 nan
 120360331  319760 12 12  12  49 346.5340278  -46.65372  25.110465 -1.0 nan
 120360331  319760 12 13  12  57 347.5395833  -46.63295  25.117289 -1.0 nan
 120360331  319760 12 14   0  43 348.0298611  -46.60737  25.115604 -1.0 nan
 120360331  319760 12 14  12  43 348.5298611  -46.60756  25.112386 -1.0 nan
 120360331  319760 12 15   0  43 349.0298611  -46.56705  25.106313 -1.0 nan
 120360331  319760 12 15  12  57 349.5395833  -46.54029  25.087001 -1.0 nan
 120360331  319760 12 16   0  49 350.0340278  -46.46652   25.09744 -1.0 nan
 120360331  319760 12 16  12  43 350.5298611   -46.3955  25.133307 -1.0 nan
 120360331  319760 12 17   0  49 351.0340278  -46.35498  25.182295 -1.0 nan
 120360331  319760 12 17  12  49 351.5340278  -46.35228  25.164152 -1.0 nan
 120360331  319760 12 18   0  43 352.0298611  -46.40612  25.175096 -1.0 nan
 120360331  319760 12 18  12  49 352.5340278  -46.46128  25.172939 -1.0 nan
 120360331  319760 12 19   0  43 353.0298611  -46.49611  25.131365 -1.0 nan
 120360331  319760 12 19  12  49 353.5340278  -46.43036  25.120121 -1.0 nan
 120360331  319760 12 20   0  43 354.0298611  -46.38814  25.142276 -1.0 nan
 120360331  319760 12 20  12  43 354.5298611  -46.32456   25.20916 -1.0 nan
 120360331  319760 12 21   0  57 355.0395833  -46.23611  25.269713 -1.0 nan
 120360331  319760 12 21  12  57 355.5395833  -46.16088  25.297898 -1.0 nan
 120360331  319760 12 22   0  49 356.0340278  -46.07869  25.264746 -1.0 nan
 120360331  319760 12 22  12  49 356.5340278  -46.05303  25.232613 -1.0 nan
 120360331  319760 12 23   0  43 357.0298611  -46.05526  25.196382 -1.0 nan
 120360331  319760 12 23  12  57 357.5395833  -46.09749  25.176469 -1.0 nan
 120360331  319760 12 24   0  43 358.0298611  -46.14641  25.196446 -1.0 nan
 120360331  319760 12 25   0  43 359.0298611  -46.22969   25.28276 -1.0 nan
 120360331  319760 12 25  12  43 359.5298611  -46.24604  25.361831 -1.0 nan
 120360331  319760 12 26   0  43 360.0298611  -46.30675  25.425979 -1.0 nan
 120360331  319760 12 26  12  43 360.5298611   -46.3343  25.464345 -1.0 nan
 120360331  319760 12 27   0  43 361.0298611  -46.30095  25.432835 -1.0 nan
 120360331  319760 12 27  12  49 361.5340278   -46.3328  25.410926 -1.0 nan
 120360331  319760 12 28   0  43 362.0298611  -46.34104  25.341049 -1.0 nan
 120360331  319760 12 28  12  57 362.5395833  -46.36198  25.311127 -1.0 nan
 120360331  319760 12 29   0  43 363.0298611  -46.37837  25.297641 -1.0 nan
 120360331  319760 12 29  12  49 363.5340278  -46.42618   25.27658 -1.0 nan
 120360331  319760 12 30   0  43 364.0298611  -46.47176    25.2807 -1.0 nan
 120360331  319760 12 31   0  49 365.0340278  -46.51624   25.27776 -1.0 nan
 120360331  319760  1  1   0  43  0.0298611  -46.45086  25.279241 -1.0 nan
 120360331  319760  1  1  12  49  0.5340278  -46.42768  25.259575 -1.0 nan
 120360331  319760  1  2   0  49  1.0340278  -46.44721  25.205984 -1.0 nan
 120360331  319760  1  2  12  49  1.5340278  -46.45873  25.186608 -1.0 nan
 120360331  319760  1  3   0  43  2.0298611  -46.46592    25.1201 -1.0 nan
 120360331  319760  1  3  12  49  2.5340278  -46.46201  25.121827 -1.0 nan
 120360331  319760  1  4   0  43  3.0298611  -46.41217  25.112933 -1.0 nan
 120360331  319760  1  4  12  43  3.5298611  -46.39959  25.130378 -1.0 nan
 120360331  319760  1  5   0  43  4.0298611  -46.36125  25.131172 -1.0 nan
 120360331  319760  1  5  12  49  4.5340278  -46.36629  25.091057 -1.0 nan
 120360331  319760  1  6   0  43  5.0298611  -46.30591   25.06475 -1.0 nan
 120360331  319760  1  6  12  43  5.5298611  -46.27673  25.050201 -1.0 nan
 120360331  319760  1  7   0  43  6.0298611  -46.28171  25.044708 -1.0 nan
 120360331  319760  1  8   0  43  7.0298611  -46.29091  25.051382 -1.0 nan
 120360331  319760  1  8  12  43  7.5298611  -46.25729  25.045717 -1.0 nan
 120360331  319760  1  9  12  43  8.5298611  -46.20834   25.02634 -1.0 nan
 120360331  319760  1 10   0  43  9.0298611  -46.20278  25.035374 -1.0 nan
 120360331  319760  1 10  12  49  9.5340278  -46.21162  24.965433 -1.0 nan
 120360331  319760  1 11   0  43 10.0298611  -46.21495  24.903581 -1.0 nan
 120360331  319760  1 11  12  49 10.5340278  -46.15184   24.87353 -1.0 nan
 120360331  319760  1 12   0  43 11.0298611  -46.06983  24.869163 -1.0 nan
 120360331  319760  1 12  12  49 11.5340278  -45.96883  24.795499 -1.0 nan
 120360331  319760  1 13   0  43 12.0298611   -45.8577  24.704647 -1.0 nan
 120360331  319760  1 14   0  49 13.0340278  -45.73844  24.504758 -1.0 nan
 120360331  319760  1 14  12  43 13.5298611  -45.73415  24.444612 -1.0 nan
 120360331  319760  1 15   0  44 14.0305556  -45.67771  24.344609 -1.0 nan
 120360331  319760  1 16   0  43 15.0298611  -45.63911  24.228179 -1.0 nan
 120360331  319760  1 16  12  43 15.5298611  -45.67027  24.121352 -1.0 nan
 120360331  319760  1 17   0  49 16.0340278  -45.66102  24.038558 -1.0 nan
 120360331  319760  1 17  12  49 16.5340278  -45.68224  23.922611 -1.0 nan
 120360331  319760  1 18   0  43 17.0298611  -45.75363  23.854966 -1.0 nan
 120360331  319760  1 18  12  43 17.5298611   -45.7402  23.744041 -1.0 nan
 120360331  319760  1 19   0  43 18.0298611  -45.74953   23.64555 -1.0 nan
 120360331  319760  1 20  12  43 19.5298611  -45.79391  23.410095 -1.0 nan
 120360331  319760  1 21   0  57 20.0395833  -45.83931  23.382093 -1.0 nan
 120360331  319760  1 21  12  49 20.5340278  -45.91124  23.349488 -1.0 nan
 120360331  319760  1 22   0  43 21.0298611  -45.98342  23.360485 -1.0 nan
 120360331  319760  1 22  12  49 21.5340278  -46.01351  23.343673 -1.0 nan
 120360331  319760  1 23   0  43 22.0298611  -46.09219  23.342321 -1.0 nan
 120360331  319760  1 23  12  49 22.5340278  -46.15028  23.370323 -1.0 nan
 120360331  319760  1 24   0  43 23.0298611  -46.23501  23.390976 -1.0 nan
 120360331  319760  1 25  12  49 24.5340278  -46.38481  23.578688 -1.0 nan
 120360331  319760  1 26   0  43 25.0298611  -46.36346  23.605049 -1.0 nan
 120360331  319760  1 27   0  43 26.0298611  -46.38711   23.69663 -1.0 nan
 120360331  319760  1 27  12  43 26.5298611  -46.40082  23.756626 -1.0 nan
 120360331  319760  1 28   0  43 27.0298611  -46.39779  23.829324 -1.0 nan
 120360331  319760  1 29   0  43 28.0298611  -46.37854   23.87887 -1.0 nan
 120360331  319760  1 29  12  49 28.5340278  -46.35676  23.854398 -1.0 nan
